1
[6,8]
3
[1,8]
[1,8][9,10]
[9,10]
17
[7,13]
[7,13][16,21]
[7,13][16,21][26,29]
[7,13][20,24]
[7,13][20,24][26,29]
[7,13][26,29]
[7,15]
[7,15][16,21]
[7,15][16,21][26,29]
[7,15][20,24]
[7,15][20,24][26,29]
[7,15][26,29]
[16,21]
[16,21][26,29]
[20,24]
[20,24][26,29]
[26,29]
7
[8,9]
[8,9][14,21]
[8,9][17,18]
[8,9][17,26]
[14,21]
[17,18]
[17,26]
9
[5,11]
[5,11][15,22]
[6,10]
[6,10][15,22]
[6,12]
[6,12][15,22]
[8,8]
[8,8][15,22]
[15,22]
3
[8,10]
[8,10][16,22]
[16,22]
2
[5,11]
[10,14]
8
[8,8][14,22]
[8,8][14,22][23,31]
[8,8][14,22][26,27]
[8,8][21,26]
[8,8][23,31]
[8,8][26,27]
[14,22][23,31]
[14,22][26,27]
2
[4,13]
[6,8]
3
[3,5]
[3,5][11,16]
[11,16]
0
3
[4,9]
[5,8]
[6,7]
0
1
[5,9]
2
[3,6]
[4,5]
0
1
[3,6][7,7]
2
[3,6]
[6,6]
3
[3,3]
[3,3][6,6]
[6,6]
